0 1.0
1 0.9267715113341058
2 0.9015549457234168
3 0.9102921688940067
4 0.9434869898964108
5 0.9956757741755345
6 1.0641142453195496
7 1.1460826911321529
8 1.2404096424120499
9 1.3467541225794508
10 1.465152048131179
11 1.596110435890427
12 1.7401314859660002
13 1.8981579190147753
14 2.0716433064893174
15 2.2615378157039974
16 2.468817434313374
17 2.695871681806063
18 2.9431640460651893
19 3.213991612105776
20 3.5091725570007495
21 3.8347556061616377
22 4.1957605767364825
23 4.592187468725284
24 5.024036282128043
25 5.491307016944758
26 5.994335210469847
27 6.5487107590812235
28 7.162933042721057
29 7.8370020613893425
30 8.570917815086084
31 9.364680303811276
32 10.219948017540528
33 11.16576771031242
34 12.21274879781066
35 13.360891280035249
36 14.610195156986192
37 15.960660428663484
38 17.416927810105715
39 19.021733927547448
40 20.785439057308853
41 22.708043199389923
42 24.79137311306202
43 27.082153221037196
44 29.600833172770894
45 32.347412968263114
46 35.32204885402628
47 38.57417209500474
48 42.14313865192805
49 46.0289485247962
50 50.25959240100754
51 54.909850705942304
52 59.98379760706142
53 65.49120018259053
54 71.52755798137517
55 71.52755798137517
56 77.219457504079
57 81.8781091735122
58 85.81079726327641
59 89.24303048854276
60 92.33541808369762
61 95.15499687316414
62 97.82527238196741
63 100.39026123013059
64 102.90575136017769
65 105.39665296460737
66 107.8819240770758
67 110.37906502523619
68 112.89634025052767
69 115.44600886876344
70 118.03294315115494
71 120.66440750978462
72 123.34432072390362
73 126.07604287522561
74 128.86309379640667
75 131.7073340426557
76 134.61175831050758
77 137.57764240587747
78 140.60759152319687
79 143.7025687139171
80 146.86566925251108
81 150.09662246456875
82 153.39785268207285
83 156.77137277660717
84 160.21919477424686
85 163.74333070106695
86 167.34579258314255
87 171.0285575207315
88 174.7933692667716
89 178.64210814989383
90 182.5766939329025
91 186.5990463786017
92 190.71108524979556
93 194.91473030928822
94 199.2093509898904
95 203.59323513334022
96 208.06684068363148
97 212.63062589425246
98 217.2850490186914
99 222.0305683104367
100 226.8717086614406
101 231.84512433933526
102 236.96373681821342
103 242.19506350989016
104 247.53255202791343
105 252.97805838250773
106 258.5389537806386
107 264.226288202708
108 270.03926695624085
109 275.9799105592362
110 282.0496729337364
111 288.2526897479766
112 294.59177941191916
113 301.07286842493943
114 307.6963280521889
115 314.46235931897576
116 321.37853944099413
117 328.4487233734762
118 335.67291111642186
119 343.04045033691034
120 350.5967423009315
121 358.3128637881408
122 366.1923524884313
123 374.2415397364326
124 382.46632166007197
125 390.871237642929
126 399.46082706858294
127 408.2396293206133
128 417.2121837825997
129 426.38302983812144
130 435.7566922895427
131 445.3375419701752
132 455.13002947999524
133 465.1386425515247
134 475.36786891728593
135 485.8221963098009
136 496.5061124615916
137 507.42410510518044
138 518.5830281512785
139 529.9880132053271
140 541.6425097233874
141 553.5512465375772
142 565.7189524800132
143 578.1503563828124
144 590.8503361697009
145 603.8371755847533
146 617.1090287640109
147 630.6717530302902
148 644.5312057064086
149 658.6932441151827
150 673.1692174250753
151 687.9652895579529
152 703.086298511882
153 718.5387829749224
154 734.3292816351342
155 750.4670469220257
156 766.9625017499718
157 783.8198553240281
158 801.0462824216295
159 818.6489578202106
160 836.6406698354808
161 855.0252748955307
162 873.8143838104288
163 893.015423047279
164 912.6359760395709
165 932.6837831871794
166 953.1747713121214
167 974.1159747382956
168 995.5153507855193
169 1017.3826605739631
170 1039.727936889822
171 1062.561484185315
172 1085.8942475794295
173 1109.738456765851
174 1134.10456146225
175 1159.0041912523984
176 1184.4492679771374
177 1210.4520057343768
178 1237.0249108790965
179 1264.1793327555697
180 1291.9281053895209
181 1320.2848627479448
182 1349.2629757785253
183 1378.8760823559646
184 1409.1380872819852
185 1440.0631607780192
186 1471.6657267066687
187 1503.960497579995
188 1536.9624438081626
189 1570.6868025450817
190 1605.1490776884102
191 1640.3650398795542
192 1676.352397826814
193 1713.128488541228
194 1750.7092526078827
195 1789.1119679463386
196 1828.3542162388171
197 1868.4538829302023
198 1909.429157228038
199 1951.303290041882
200 1994.0929752096436
201 2037.8178635954364
202 2082.4980063406347
203 2128.1538108064974
204 2174.8060405741667
205 2222.4776511228433
206 2271.192532836008
207 2320.9712354054855
208 2371.836586834644
209 2423.8118256868347
210 2476.9206010853877
211 2531.1869727136154
212 2586.639494612314
213 2643.3031024844868
214 2701.2023117676576
215 2760.3636257347166
216 2820.813983986079
217 2882.580771448847
218 2945.6936090511845
219 3010.1851631984878
220 3076.0817349914073
221 3143.413426237072
222 3212.210932272781
223 3282.5055563344313
224 3354.329223924942
225 3427.714497182679
226 3502.6945892498807
227 3579.306990622838
228 3657.585306696623
229 3737.5647617560107
230 3819.2818924083454
231 3902.7740259412326
232 3988.0792981236223
233 4075.236671006894
234 4164.285950725933
235 4164.285950725933
236 4306.688830438298
237 4538.730404751702
238 4843.813435089685
239 5212.036552278878
240 5637.774332563951
241 6118.59917709951
242 6654.259457524465
243 7246.301735831768
244 7897.457506980383
245 8611.368872453013
246 9392.655706765203
247 10246.721890068706
248 11179.614046654237
249 12198.10055320079
250 13309.708946883044
251 14522.659588776707
252 15845.946884186762
253 17289.48338923205
254 18864.036570955035
255 20581.36976886658
256 22454.204638439303
257 24496.437364981488
258 26723.160482792806
259 29150.822101557947
260 31797.231198421057
261 34681.77968635201
262 37825.48165369749
263 41251.140351082555
264 44983.47171796907
265 49049.263454373584
266 53477.510911960395
267 58299.536867117065
268 63549.229041983024
269 69263.1962883819
270 75480.86159587913
271 82244.78494134419
272 89600.67234174957
273 97597.6972137632
274 106288.57658168052
275 115729.79747120797
276 125981.71263556664
277 137108.83733486396
278 149179.801527514
279 162267.36307873344
280 176448.59874954305
281 191804.81916774437
282 208421.5917479186
283 226388.54038825317
284 245799.21645255256
285 266750.4451253594
286 289342.2988102902
287 313677.0044329601
288 339858.53563514
289 367991.71438163397
290 398180.7797537373
291 430528.216202139
292 465132.8959643748
293 502088.50335221185
294 541481.19261499
295 583387.165658411
296 627870.0135783163
297 674977.5326164805
298 724738.8602682188
299 777160.7737076777
300 832224.3570106545
301 889881.1647601759
302 950049.626061897
303 1012611.9320034761
304 1077410.8257765167
305 1144246.525031145
306 1212875.0026202626
307 1283006.5905249706
308 1354305.4809709617
309 1426390.629850875
310 1498837.6397012826
311 1571182.0741854706
312 1642924.19295648
313 1713535.031444541
314 1782463.7744664387
315 1849146.3635839936
316 1913015.3082874028
317 1973509.6863752962
318 2030085.946347836
319 2082228.7026447055
320 2129461.127750504
321 2171354.6340377317
322 2207537.502568366
323 2237702.1430745795
324 2261610.7130099363
325 2279098.930786934
326 2290078.016714193
327 2294534.701457577
328 2292529.417768692
329 2284192.8086091396
330 2269720.754277607
331 2249368.154394283
332 2223441.7812952106
333 2192292.453406791
334 2156306.8205889924
335 2115899.104046592
336 2071502.8727904435
337 2023563.2635021035
338 1972529.65486517
339 1918849.029941248
340 1862960.0610041735
341 1805287.9914546923
342 1746240.3457107116
343 1686203.4443290334
344 1625539.6975831757
345 1564585.6423898356
346 1503650.6463956912
347 1443016.2172579074
348 1382935.8435270938
349 1323635.2825730217
350 1265313.2660327337
351 1208142.414364999
352 1152270.5213364093
353 1097821.9412750576
354 1044899.1248849998
355 993584.2318999907
356 943940.7916424525
357 896015.3604642837
358 849839.1622302391
359 805429.6809498766
360 762792.20076813
361 721921.2587484376
362 682802.0145947778
363 645411.5326980121
364 609719.9481092525
365 575691.6273724998
366 543286.0573073882
367 512458.8514739543
368 483162.4644988573
369 455346.98374655034
370 428960.7549970339
371 403950.923806262
372 380264.004804666
373 357846.2336250698
374 336643.9881516766
375 316604.121597952
376 297674.253592706
377 279802.8632491672
378 262939.53321048943
379 247035.28104009264
380 232042.44185138834
381 217914.92540618562
382 204608.18436182325
383 192079.30672703186
384 180287.0085575892
385 169191.6981631959
386 158755.45473832916
387 148942.0192133423
388 139716.7719972841
389 131046.70190306535
390 122900.36921213116
391 115247.86367212584
392 108060.78838363456
393 101312.18689663293
394 94976.49948490648
395 89029.50693472386
396 83448.27831062382
397 78211.11711252075
398 73297.52882201722
399 68688.1500982955
400 64364.69590227425
401 60309.9119132758
402 56507.52266352419
403 52942.19194950245
404 49599.46994734519
405 46465.74567514716
406 43528.201403365296
407 40774.77774243192
408 38194.122626831
409 35775.57963166517
410 33509.107303089724
411 31385.280498648863
412 29395.238742237383
413 27530.64841188919
414 25783.69698332447
415 24147.020409762856
416 22613.745853190703
417 21177.429386557546
418 19832.00277623362
419 18571.736894486246
420 17391.227786364074
421 16285.50431489919
422 15249.864021438287
423 14279.881015197672
424 13371.425869573246
425 12520.613329900048
426 11723.792291974725
427 10977.562630450393
428 10278.729827199792
429 9624.294435777263
430 9011.454214112866
431 8437.577295195311
432 7900.190698197522
433 7396.983178811215
434 6925.780946423047
435 6484.538890911523
436 6071.363170757509
437 5684.479262602846
438 5322.2140725289155
439 4983.033856547515
440 4665.451434915336
441 4368.098687065762
442 4089.6829547995617
443 3828.9878272303354
444 3584.8883594199324
445 3356.3417905872543
446 3142.3579766675566
447 2942.0128076278343
448 2754.4338139834213
449 2578.7968394419954
450 2414.3692347963342
451 2260.4157226874345
452 2116.2830491771024
453 1981.3355423416597
454 1854.996346154883
455 1736.7046883419546
456 1625.9566961224484
457 1522.267387546004
458 1425.1887413787995
459 1334.315697750609
460 1249.2511384619406
461 1169.585441122312
462 1095.006236737576
463 1025.1904597378273
464 959.8061769303042
465 898.6022456911019
466 841.3049597108798
467 787.6634696306635
468 737.4219324753157
469 690.39770822774
470 646.3557187056077
471 605.111373529815
472 566.4873793442702
473 530.329105466288
474 496.49100288493327
475 464.8034696099734
476 435.1329321435983
477 407.3624168483739
478 381.3810605450825
479 357.05806996192325
480 334.28503548389676
481 312.96376306146175
482 293.0028665619749
483 274.3120589494078
484 256.8105937756952
485 240.42518300968152
486 225.0879066562756
487 210.7277912373175
488 197.28222994066078
489 184.69471599755323
490 172.91261286171795
491 161.87898091605277
492 151.54501411241088
493 141.86747089724727
494 132.80731145548413
495 124.3296977105108
496 116.40064512157997
497 108.97649596576044
498 102.02395397547382
499 95.5136596052225
500 89.41903340292102
501 83.71627600989589
502 78.38120431612204
503 73.38500974495874
504 68.70578674404655
505 64.32383789888955
506 60.22138047243795
507 56.38254640508804
508 52.790278558682616
509 49.4255950595788
510 46.274070325314995
511 43.32264356786071
512 40.55958071272084
513 37.9322991048349
514 35.535151284448226
515 33.28071276636658
516 31.16305186329383
517 29.17623688793386
518 27.314336152990563
519 25.57138806186825
520 23.940073413901118
521 22.413285767635532
522 20.984514755580268
523 19.647250010244118
524 18.39498116413587
525 17.221197849764316
526 16.120355292394812
527 15.091123885771259
528 14.129221575771844
529 13.229857214868849
530 12.388239655534575
531 11.59957775024131
532 10.859080351461346
533 10.16486633840318
534 9.516677246121844
535 8.911473857681948
536 8.346212079449801
537 7.817847817791712
538 7.323336979073995
539 6.769293471513255
540 6.372846466581477
541 5.993321002711774
542 5.63071707990415
543 5.285034698158602
544 4.956273857475131
545 4.644434557853737
546 4.349237772636458
547 4.069983339777551
548 3.8066376251236433
549 3.5592006286747355